$MeshFormat
2.2 0 8
$EndMeshFormat
$Nodes
200
1 0 0 0
2 1 0 0
3 1 1 0
4 0 1 0
5 0.3 0.3 0
6 0.7 0.3 0
7 0.7 0.7 0
8 0.3 0.7 0
9 0.3 0 0
10 0 0.3 0
11 0 0.7 0
12 0.3 1 0
13 0.7 1 0
14 1 0.7 0
15 1 0.3 0
16 0.7 0 0
17 0.07499999999999989 0 0
18 0.1499999999999998 0 0
19 0.2249999999999999 0 0
20 0.3666666666666668 0 0
21 0.4333333333333335 0 0
22 0.5000000000000002 0 0
23 0.5666666666666669 0 0
24 0.6333333333333333 0 0
25 0.7749999999999999 0 0
26 0.8499999999999999 0 0
27 0.9249999999999999 0 0
28 1 0.07499999999999989 0
29 1 0.1499999999999998 0
30 1 0.2249999999999999 0
31 0.925 0.3 0
32 0.8500000000000001 0.3 0
33 0.775 0.3 0
34 0.7 0.2250000000000001 0
35 0.7 0.1500000000000002 0
36 0.7 0.07500000000000009 0
37 0.6333333333333332 0.3 0
38 0.5666666666666664 0.3 0
39 0.4999999999999998 0.3 0
40 0.4333333333333331 0.3 0
41 0.3666666666666666 0.3 0
42 0.3 0.2250000000000001 0
43 0.3 0.1500000000000002 0
44 0.3 0.07500000000000009 0
45 0.2250000000000001 0.3 0
46 0.1500000000000002 0.3 0
47 0.07500000000000009 0.3 0
48 0 0.2250000000000001 0
49 0 0.1500000000000002 0
50 0 0.07500000000000009 0
51 0 0.3666666666666668 0
52 0 0.4333333333333335 0
53 0 0.5000000000000002 0
54 0 0.5666666666666669 0
55 0 0.6333333333333333 0
56 0.07499999999999989 0.7 0
57 0.1499999999999998 0.7 0
58 0.2249999999999999 0.7 0
59 0.3 0.6333333333333332 0
60 0.3 0.5666666666666664 0
61 0.3 0.4999999999999998 0
62 0.3 0.4333333333333331 0
63 0.3 0.3666666666666666 0
64 0.3666666666666668 0.7 0
65 0.4333333333333335 0.7 0
66 0.5000000000000002 0.7 0
67 0.5666666666666669 0.7 0
68 0.6333333333333333 0.7 0
69 0.7 0.6333333333333332 0
70 0.7 0.5666666666666664 0
71 0.7 0.4999999999999998 0
72 0.7 0.4333333333333331 0
73 0.7 0.3666666666666666 0
74 0.7749999999999999 0.7 0
75 0.8499999999999999 0.7 0
76 0.9249999999999999 0.7 0
77 1 0.6333333333333332 0
78 1 0.5666666666666664 0
79 1 0.4999999999999998 0
80 1 0.4333333333333331 0
81 1 0.3666666666666666 0
82 1 0.7749999999999999 0
83 1 0.8499999999999999 0
84 1 0.9249999999999999 0
85 0.925 1 0
86 0.8500000000000001 1 0
87 0.775 1 0
88 0.7 0.925 0
89 0.7 0.8500000000000001 0
90 0.7 0.775 0
91 0.6333333333333332 1 0
92 0.5666666666666664 1 0
93 0.4999999999999998 1 0
94 0.4333333333333331 1 0
95 0.3666666666666666 1 0
96 0.3 0.925 0
97 0.3 0.8500000000000001 0
98 0.3 0.775 0
99 0.2250000000000001 1 0
100 0.1500000000000002 1 0
101 0.07500000000000009 1 0
102 0 0.925 0
103 0 0.8500000000000001 0
104 0 0.775 0
105 0.15 0.1500000000000002 0
106 0.1500000000000001 0.2250000000000001 0
107 0.225 0.1500000000000002 0
108 0.225 0.2250000000000001 0
109 0.1499999999999999 0.07500000000000011 0
110 0.225 0.07500000000000009 0
111 0.075 0.1500000000000002 0
112 0.07500000000000004 0.2250000000000001 0
113 0.07499999999999994 0.07500000000000009 0
114 0.5666666666666667 0.1500000000000002 0
115 0.4333333333333333 0.1500000000000002 0
116 0.5666666666666665 0.2250000000000001 0
117 0.6333333333333333 0.1500000000000002 0
118 0.6333333333333332 0.2250000000000001 0
119 0.5666666666666668 0.07500000000000011 0
120 0.6333333333333333 0.07500000000000009 0
121 0.4333333333333332 0.2250000000000001 0
122 0.5 0.1500000000000002 0
123 0.4999999999999999 0.2250000000000001 0
124 0.4333333333333335 0.07500000000000011 0
125 0.5000000000000001 0.07500000000000011 0
126 0.3666666666666667 0.1500000000000002 0
127 0.3666666666666666 0.2250000000000001 0
128 0.3666666666666667 0.07500000000000009 0
129 0.85 0.15 0
130 0.8500000000000001 0.225 0
131 0.925 0.1499999999999999 0
132 0.925 0.2249999999999999 0
133 0.8499999999999999 0.075 0
134 0.9249999999999998 0.07499999999999994 0
135 0.7749999999999999 0.1500000000000001 0
136 0.7749999999999999 0.225 0
137 0.7749999999999999 0.07500000000000004 0
138 0.85 0.5666666666666664 0
139 0.85 0.4333333333333331 0
140 0.8499999999999999 0.6333333333333332 0
141 0.7749999999999999 0.5666666666666664 0
142 0.7749999999999999 0.6333333333333332 0
143 0.85 0.4999999999999998 0
144 0.7749999999999999 0.4333333333333331 0
145 0.7749999999999999 0.4999999999999998 0
146 0.8500000000000001 0.3666666666666666 0
147 0.7750000000000001 0.3666666666666666 0
148 0.925 0.5666666666666664 0
149 0.9249999999999999 0.6333333333333332 0
150 0.925 0.4333333333333331 0
151 0.925 0.4999999999999998 0
152 0.925 0.3666666666666666 0
153 0.85 0.85 0
154 0.8500000000000001 0.925 0
155 0.925 0.8499999999999999 0
156 0.925 0.9249999999999998 0
157 0.8499999999999999 0.7749999999999999 0
158 0.9249999999999998 0.7749999999999999 0
159 0.7749999999999999 0.8500000000000001 0
160 0.7749999999999999 0.925 0
161 0.7749999999999999 0.7749999999999999 0
162 0.5666666666666667 0.8500000000000001 0
163 0.4333333333333333 0.8500000000000001 0
164 0.5666666666666665 0.925 0
165 0.6333333333333333 0.8500000000000001 0
166 0.6333333333333332 0.925 0
167 0.5666666666666668 0.775 0
168 0.6333333333333333 0.7749999999999999 0
169 0.4333333333333332 0.925 0
170 0.5 0.8500000000000001 0
171 0.4999999999999999 0.925 0
172 0.4333333333333335 0.775 0
173 0.5000000000000001 0.7749999999999999 0
174 0.3666666666666667 0.8500000000000001 0
175 0.3666666666666666 0.925 0
176 0.3666666666666667 0.7749999999999999 0
177 0.15 0.8500000000000001 0
178 0.1500000000000001 0.925 0
179 0.225 0.8500000000000001 0
180 0.225 0.925 0
181 0.1499999999999999 0.775 0
182 0.225 0.7749999999999999 0
183 0.075 0.8500000000000001 0
184 0.07500000000000004 0.925 0
185 0.07499999999999994 0.7749999999999999 0
186 0.1499999999999999 0.5666666666666667 0
187 0.1500000000000001 0.4333333333333333 0
188 0.1499999999999999 0.6333333333333333 0
189 0.07499999999999997 0.5666666666666668 0
190 0.07499999999999993 0.6333333333333333 0
191 0.15 0.5 0
192 0.07500000000000004 0.4333333333333334 0
193 0.07500000000000001 0.5000000000000001 0
194 0.1500000000000001 0.3666666666666666 0
195 0.07500000000000007 0.3666666666666667 0
196 0.225 0.5666666666666665 0
197 0.225 0.6333333333333332 0
198 0.225 0.4333333333333332 0
199 0.225 0.4999999999999999 0
200 0.2250000000000001 0.3666666666666666 0
$EndNodes
$Elements
288
1 15 2 0 1 1
2 15 2 0 2 2
3 15 2 0 3 3
4 15 2 0 4 4
5 15 2 0 5 5
6 15 2 0 6 6
7 15 2 0 7 7
8 15 2 0 8 8
9 15 2 0 9 9
10 15 2 0 10 10
11 15 2 0 11 11
12 15 2 0 12 12
13 15 2 0 13 13
14 15 2 0 14 14
15 15 2 0 15 15
16 15 2 0 16 16
17 1 2 0 1 1 17
18 1 2 0 1 17 18
19 1 2 0 1 18 19
20 1 2 0 1 19 9
21 1 2 0 2 9 20
22 1 2 0 2 20 21
23 1 2 0 2 21 22
24 1 2 0 2 22 23
25 1 2 0 2 23 24
26 1 2 0 2 24 16
27 1 2 0 3 16 25
28 1 2 0 3 25 26
29 1 2 0 3 26 27
30 1 2 0 3 27 2
31 1 2 0 4 2 28
32 1 2 0 4 28 29
33 1 2 0 4 29 30
34 1 2 0 4 30 15
35 1 2 0 5 15 31
36 1 2 0 5 31 32
37 1 2 0 5 32 33
38 1 2 0 5 33 6
39 1 2 0 6 6 34
40 1 2 0 6 34 35
41 1 2 0 6 35 36
42 1 2 0 6 36 16
43 1 2 0 7 6 37
44 1 2 0 7 37 38
45 1 2 0 7 38 39
46 1 2 0 7 39 40
47 1 2 0 7 40 41
48 1 2 0 7 41 5
49 1 2 0 8 5 42
50 1 2 0 8 42 43
51 1 2 0 8 43 44
52 1 2 0 8 44 9
53 1 2 0 9 5 45
54 1 2 0 9 45 46
55 1 2 0 9 46 47
56 1 2 0 9 47 10
57 1 2 0 10 10 48
58 1 2 0 10 48 49
59 1 2 0 10 49 50
60 1 2 0 10 50 1
61 1 2 0 11 10 51
62 1 2 0 11 51 52
63 1 2 0 11 52 53
64 1 2 0 11 53 54
65 1 2 0 11 54 55
66 1 2 0 11 55 11
67 1 2 0 12 11 56
68 1 2 0 12 56 57
69 1 2 0 12 57 58
70 1 2 0 12 58 8
71 1 2 0 13 8 59
72 1 2 0 13 59 60
73 1 2 0 13 60 61
74 1 2 0 13 61 62
75 1 2 0 13 62 63
76 1 2 0 13 63 5
77 1 2 0 14 8 64
78 1 2 0 14 64 65
79 1 2 0 14 65 66
80 1 2 0 14 66 67
81 1 2 0 14 67 68
82 1 2 0 14 68 7
83 1 2 0 15 7 69
84 1 2 0 15 69 70
85 1 2 0 15 70 71
86 1 2 0 15 71 72
87 1 2 0 15 72 73
88 1 2 0 15 73 6
89 1 2 0 16 7 74
90 1 2 0 16 74 75
91 1 2 0 16 75 76
92 1 2 0 16 76 14
93 1 2 0 17 14 77
94 1 2 0 17 77 78
95 1 2 0 17 78 79
96 1 2 0 17 79 80
97 1 2 0 17 80 81
98 1 2 0 17 81 15
99 1 2 0 18 14 82
100 1 2 0 18 82 83
101 1 2 0 18 83 84
102 1 2 0 18 84 3
103 1 2 0 19 3 85
104 1 2 0 19 85 86
105 1 2 0 19 86 87
106 1 2 0 19 87 13
107 1 2 0 20 13 88
108 1 2 0 20 88 89
109 1 2 0 20 89 90
110 1 2 0 20 90 7
111 1 2 0 21 13 91
112 1 2 0 21 91 92
113 1 2 0 21 92 93
114 1 2 0 21 93 94
115 1 2 0 21 94 95
116 1 2 0 21 95 12
117 1 2 0 22 12 96
118 1 2 0 22 96 97
119 1 2 0 22 97 98
120 1 2 0 22 98 8
121 1 2 0 23 12 99
122 1 2 0 23 99 100
123 1 2 0 23 100 101
124 1 2 0 23 101 4
125 1 2 0 24 4 102
126 1 2 0 24 102 103
127 1 2 0 24 103 104
128 1 2 0 24 104 11
129 3 2 0 1 5 45 108 42
130 3 2 0 1 45 46 106 108
131 3 2 0 1 108 106 105 107
132 3 2 0 1 42 108 107 43
133 3 2 0 1 43 107 110 44
134 3 2 0 1 107 105 109 110
135 3 2 0 1 110 109 18 19
136 3 2 0 1 44 110 19 9
137 3 2 0 1 46 47 112 106
138 3 2 0 1 47 10 48 112
139 3 2 0 1 112 48 49 111
140 3 2 0 1 106 112 111 105
141 3 2 0 1 105 111 113 109
142 3 2 0 1 111 49 50 113
143 3 2 0 1 113 50 1 17
144 3 2 0 1 109 113 17 18
145 3 2 0 2 6 37 118 34
146 3 2 0 2 37 38 116 118
147 3 2 0 2 118 116 114 117
148 3 2 0 2 34 118 117 35
149 3 2 0 2 35 117 120 36
150 3 2 0 2 117 114 119 120
151 3 2 0 2 120 119 23 24
152 3 2 0 2 36 120 24 16
153 3 2 0 2 38 39 123 116
154 3 2 0 2 39 40 121 123
155 3 2 0 2 123 121 115 122
156 3 2 0 2 116 123 122 114
157 3 2 0 2 114 122 125 119
158 3 2 0 2 122 115 124 125
159 3 2 0 2 125 124 21 22
160 3 2 0 2 119 125 22 23
161 3 2 0 2 40 41 127 121
162 3 2 0 2 41 5 42 127
163 3 2 0 2 127 42 43 126
164 3 2 0 2 121 127 126 115
165 3 2 0 2 115 126 128 124
166 3 2 0 2 126 43 44 128
167 3 2 0 2 128 44 9 20
168 3 2 0 2 124 128 20 21
169 3 2 0 3 15 31 132 30
170 3 2 0 3 31 32 130 132
171 3 2 0 3 132 130 129 131
172 3 2 0 3 30 132 131 29
173 3 2 0 3 29 131 134 28
174 3 2 0 3 131 129 133 134
175 3 2 0 3 134 133 26 27
176 3 2 0 3 28 134 27 2
177 3 2 0 3 32 33 136 130
178 3 2 0 3 33 6 34 136
179 3 2 0 3 136 34 35 135
180 3 2 0 3 130 136 135 129
181 3 2 0 3 129 135 137 133
182 3 2 0 3 135 35 36 137
183 3 2 0 3 137 36 16 25
184 3 2 0 3 133 137 25 26
185 3 2 0 4 7 74 142 69
186 3 2 0 4 74 75 140 142
187 3 2 0 4 142 140 138 141
188 3 2 0 4 69 142 141 70
189 3 2 0 4 70 141 145 71
190 3 2 0 4 141 138 143 145
191 3 2 0 4 145 143 139 144
192 3 2 0 4 71 145 144 72
193 3 2 0 4 72 144 147 73
194 3 2 0 4 144 139 146 147
195 3 2 0 4 147 146 32 33
196 3 2 0 4 73 147 33 6
197 3 2 0 4 75 76 149 140
198 3 2 0 4 76 14 77 149
199 3 2 0 4 149 77 78 148
200 3 2 0 4 140 149 148 138
201 3 2 0 4 138 148 151 143
202 3 2 0 4 148 78 79 151
203 3 2 0 4 151 79 80 150
204 3 2 0 4 143 151 150 139
205 3 2 0 4 139 150 152 146
206 3 2 0 4 150 80 81 152
207 3 2 0 4 152 81 15 31
208 3 2 0 4 146 152 31 32
209 3 2 0 5 3 85 156 84
210 3 2 0 5 85 86 154 156
211 3 2 0 5 156 154 153 155
212 3 2 0 5 84 156 155 83
213 3 2 0 5 83 155 158 82
214 3 2 0 5 155 153 157 158
215 3 2 0 5 158 157 75 76
216 3 2 0 5 82 158 76 14
217 3 2 0 5 86 87 160 154
218 3 2 0 5 87 13 88 160
219 3 2 0 5 160 88 89 159
220 3 2 0 5 154 160 159 153
221 3 2 0 5 153 159 161 157
222 3 2 0 5 159 89 90 161
223 3 2 0 5 161 90 7 74
224 3 2 0 5 157 161 74 75
225 3 2 0 6 13 91 166 88
226 3 2 0 6 91 92 164 166
227 3 2 0 6 166 164 162 165
228 3 2 0 6 88 166 165 89
229 3 2 0 6 89 165 168 90
230 3 2 0 6 165 162 167 168
231 3 2 0 6 168 167 67 68
232 3 2 0 6 90 168 68 7
233 3 2 0 6 92 93 171 164
234 3 2 0 6 93 94 169 171
235 3 2 0 6 171 169 163 170
236 3 2 0 6 164 171 170 162
237 3 2 0 6 162 170 173 167
238 3 2 0 6 170 163 172 173
239 3 2 0 6 173 172 65 66
240 3 2 0 6 167 173 66 67
241 3 2 0 6 94 95 175 169
242 3 2 0 6 95 12 96 175
243 3 2 0 6 175 96 97 174
244 3 2 0 6 169 175 174 163
245 3 2 0 6 163 174 176 172
246 3 2 0 6 174 97 98 176
247 3 2 0 6 176 98 8 64
248 3 2 0 6 172 176 64 65
249 3 2 0 7 12 99 180 96
250 3 2 0 7 99 100 178 180
251 3 2 0 7 180 178 177 179
252 3 2 0 7 96 180 179 97
253 3 2 0 7 97 179 182 98
254 3 2 0 7 179 177 181 182
255 3 2 0 7 182 181 57 58
256 3 2 0 7 98 182 58 8
257 3 2 0 7 100 101 184 178
258 3 2 0 7 101 4 102 184
259 3 2 0 7 184 102 103 183
260 3 2 0 7 178 184 183 177
261 3 2 0 7 177 183 185 181
262 3 2 0 7 183 103 104 185
263 3 2 0 7 185 104 11 56
264 3 2 0 7 181 185 56 57
265 3 2 0 8 11 56 190 55
266 3 2 0 8 56 57 188 190
267 3 2 0 8 190 188 186 189
268 3 2 0 8 55 190 189 54
269 3 2 0 8 54 189 193 53
270 3 2 0 8 189 186 191 193
271 3 2 0 8 193 191 187 192
272 3 2 0 8 53 193 192 52
273 3 2 0 8 52 192 195 51
274 3 2 0 8 192 187 194 195
275 3 2 0 8 195 194 46 47
276 3 2 0 8 51 195 47 10
277 3 2 0 8 57 58 197 188
278 3 2 0 8 58 8 59 197
279 3 2 0 8 197 59 60 196
280 3 2 0 8 188 197 196 186
281 3 2 0 8 186 196 199 191
282 3 2 0 8 196 60 61 199
283 3 2 0 8 199 61 62 198
284 3 2 0 8 191 199 198 187
285 3 2 0 8 187 198 200 194
286 3 2 0 8 198 62 63 200
287 3 2 0 8 200 63 5 45
288 3 2 0 8 194 200 45 46
$EndElements
